ORDER,CHANNEL,WAVELENGTH,ST
1,1423,935.68,0
2,459,935.68,0
2,1147,940.17,0
3,1436,947.7478,0
3,1903,949.8102,1
3,1949,949.9794,1
4,749,949.8102,0
4,774,949.9794,0
6,1379,966.0435,0
7,404,966.0435,0
7,1018,970.32230,0
-7,0,970.32712,0
7,1929,974.9135,0
8,740,974.9135,1
8,1356,978.7186,0
8,1972,981.5388,0
9,378,978.7186,0
9,757,981.5388,0
9,963,982.9144,1
9,1073,983.6119,1
11,1444,999.0373,0
12,1158,1004.2116,0
12,1378,1005.4796,0
13,865,1009.190,0
13,1214,1011.4365,1
13,1622,1013.6343,0
13,1792,1014.4176,0
16,1367,1033.5556,0
17,1630,1042.2433,0
18,1165,1047.0049,1
18,1211,1047.2922,0
18,1344,1048.0904,0
18,1913,1050.9380,1
19,224,1047.2922,0
19,315,1048.0904,0
19,662,1050.9380,0
19,1405,1055.9342,0
19,1569,1056.8199,0
21,856,1067.6489,0
21,971,1068.4699,0
21,994,1068.6331,0
21,1263,1070.3918,0
21,1735,1072.9864,0
22,542,1072.9864,0
22,627,1073.6795,1
22,962,1076.2093,0
22,1172,1077.6320,0
23,1659,1088.3923,0
23,1306,1086.4053,1
24,484,1088.3923,0
24,1317,1094.5242,0
24,1460,1095.3727,0
25,354,1095.3727,0
25,1832,1105.4921,0
26,569,1105.4921,1
26,909,1108.1903,0
26,1311,1110.9492,0
28,683,1123.3329,0
28,982,1125.6586,0





















