# Fri 11:16:27 14-Aug-2020
begin	ecidentify apthars1
	id	apthars1
	task	ecidentify
	image	apthars1
	units	nanometers
	features	134
		  2    2  1421.00  1420.99829   935.67865   4.0  1  1
		  3    3   458.30  458.303467   935.67865   4.0  1  1
		  3    3  1145.59  1145.59497   940.16674   4.0  1  1
		  4    4  1434.54  1434.54346   947.74781   4.0  1  1
		  4    4  1901.14  1901.14087   949.81023   4.0  1  1
		  4    4  1945.76  1945.76074   949.97938   4.0  1  1
		  5    5   747.85  747.847168   949.81023   4.0  1  1
		  5    5   773.25   773.24707   949.97938   4.0  1  1
		  7    7  1377.63   1377.6283   966.04348   4.0  1  1
		  8    8   403.91  403.911316   966.04348   4.0  1  1
		  8    8  1016.66  1016.65662    970.3223   4.0  1  1
		  8    8  1925.87  1925.87415   974.91352   4.0  1  1
		  9    9   739.01  739.012329   974.91352   4.0  1  1
		  9    9  1354.31  1354.31433    978.7186   4.0  1  1
		  9    9  1969.54  1969.53809   981.53879   4.0  1  1
		 10   10   377.68  377.681549    978.7186   4.0  1  1
		 10   10   756.78  756.778442   981.53879   4.0  1  1
		 10   10   961.74  961.736206   982.91435   4.0  1  1
		 10   10  1072.36  1072.35681    983.6119   4.0  1  1
		 12   12  1442.14  1442.13965   999.03729   4.0  1  1
		 13   13  1156.42  1156.41797  1004.21157   4.0  1  1
		 13   13  1376.12  1376.12415  1005.47963   4.0  1  1
		 14   14   863.97  863.971497  1009.19003   4.0  1  1
		 14   14  1619.13     1619.13  1013.63433   4.0  1  1
		 14   14  1788.53  1788.52771  1014.41765   4.0  1  1
		 17   17  1365.63  1365.62964  1033.55558   4.0  1  1
		 18   18  1628.42  1628.42444  1042.24335   4.0  1  1
		 19   19  1163.75  1163.74597   1047.0049   4.0  1  1
		 19   19  1209.64  1209.64331  1047.29222   4.0  1  1
		 19   19  1342.61  1342.61218  1048.09049   4.0  1  1
		 19   19  1910.34  1910.34082  1050.89992   4.0  1  1
		 20   20   223.83  223.828629  1047.29222   4.0  1  1
		 20   20   314.83  314.827362   1048.0567   4.0  1  1
		 20   20   661.39  661.391541  1050.89992   4.0  1  1
		 20   20  1566.30  1566.29834   1056.8199   4.0  1  1
		 22   22   855.74  855.737915  1067.64898   4.0  1  1
		 22   22   970.21  970.211609  1068.46995   4.0  1  1
		 22   22   993.44   993.43634  1068.63317   4.0  1  1
		 22   22  1261.54  1261.53979  1070.32863   4.0  1  1
		 22   22  1733.31  1733.30762  1072.83566   4.0  1  1
		 23   23   541.72  541.716431  1072.98649   4.0  1  1
		 23   23   961.52  961.519958  1076.20931   4.0  1  1
		 23   23  1170.97  1170.96643  1077.63202   4.0  1  1
		 24   24  1657.37   1657.3667  1088.39231   4.0  1  1
		 25   25   483.55  483.553009  1088.39231   4.0  1  1
		 25   25  1315.58  1315.58313  1094.52427   4.0  1  1
		 25   25  1458.19  1458.19116  1095.37273   4.0  1  1
		 26   26   353.62  353.623322  1095.37273   4.0  1  1
		 26   26  1829.92  1829.92456  1105.49215   4.0  1  1
		 27   27   907.86  907.861694  1108.19033   4.0  1  1
		 27   27  1309.37  1309.36877  1110.94923   4.0  1  1
		 29   29   682.95  682.945984   1123.2859   4.0  1  1
		 30   30  1146.17  1146.17139   1135.5028   4.0  1  1
		 30   30  1186.26  1186.25818  1135.78225   4.0  1  1
		 30   30  1863.65  1863.65442  1139.68207   4.0  1  1
		 31   31   557.80  557.798767  1139.68207   4.0  1  1
		 31   31  1172.67  1172.66968  1144.49647   4.0  1  1
		 31   31  1583.65  1583.65491   1147.0685   4.0  1  1
		 31   31  1996.06   1996.0592   1149.1254   4.0  1  1
		 32   32   390.28  390.278625   1147.0685   4.0  1  1
		 32   32   619.44  619.439209   1149.1254   4.0  1  1
		 33   33  1988.50  1988.49634  1167.08327   4.0  1  1
		 34   34   599.09  599.090881  1167.19043   4.0  1  1
		 34   34  1246.72  1246.71716  1172.26969   4.0  1  1
		 34   34  1458.47  1458.47437  1173.64426   4.0  1  1
		 35   35   153.99  153.988403  1172.26969   4.0  1  1
		 35   35   291.17  291.169891  1173.64426   4.0  1  1
		 35   35  1124.46  1124.46313  1180.73419   4.0  1  1
		 36   36   681.41   681.41333  1186.74939   4.0  1  1
		 36   36   867.74  867.739685   1188.3237   4.0  1  1
		 36   36   923.58  923.582214  1188.77334   4.0  1  1
		 36   36  1080.93  1080.93054  1189.98895   4.0  1  1
		 36   36  1773.97  1773.97009   1194.3905   4.0  1  1
		 36   36  1836.92  1836.91992  1194.71353   4.0  1  1
		 37   37   461.49  461.492859   1194.3905   4.0  1  1
		 37   37   967.98   967.97821   1198.7948   4.0  1  1
		 37   37  1445.87  1445.87036  1202.20052   4.0  1  1
		 37   37  1575.42  1575.41956  1202.99409   4.0  1  1
		 38   38   339.53  339.534607  1202.99409   4.0  1  1
		 38   38  1610.02  1610.01929  1213.06196   4.0  1  1
		 38   38  1837.12  1837.12317  1214.30614   4.0  1  1
		 39   39   205.02  205.017746  1211.56411   4.0  1  1
		 39   39   352.12  352.120758  1213.06196   4.0  1  1
		 39   39   602.92  602.915039  1215.46911   4.0  1  1
		 39   39  1288.75  1288.74976  1221.02331   4.0  1  1
		 39   39  1685.90   1685.9043  1223.52911   4.0  1  1
		 40   40  1759.31   1759.3114  1234.13736   4.0  1  1
		 40   40  1861.69  1861.68689  1234.67711   4.0  1  1
		 41   41   474.76  474.763123  1234.67711   4.0  1  1
		 41   41   609.85   609.85144  1235.92023   4.0  1  1
		 41   41  1394.14  1394.14478  1242.25579   4.0  1  1
		 41   41  1716.48    1716.479   1244.2726   4.0  1  1
		 42   42    44.63  44.6293106  1240.62215   4.0  1  1
		 42   42   387.55  387.548767   1244.2726   4.0  1  1
		 42   42   558.03  558.031677  1245.95223   4.0  1  1
		 42   42  1894.28  1894.28101  1255.77626   4.0  1  1
		 43   43   473.45  473.452789  1255.77626   4.0  1  1
		 43   43   929.24  929.235901  1259.96556   4.0  1  1
		 43   43  1251.30  1251.29529  1262.50717   4.0  1  1
		 43   43  1495.10  1495.09912   1264.1939   4.0  1  1
		 43   43  1623.41   1623.4082   1264.9994   4.0  1  1
		 44   44    88.42  88.4238739  1262.50717   4.0  1  1
		 44   44   241.54  241.537857   1264.1939   4.0  1  1
		 44   44   317.26  317.259949   1264.9994   4.0  1  1
		 44   44   899.38  899.379395  1270.57571   4.0  1  1
		 44   44  1476.30  1476.30237  1274.97187   4.0  1  1
		 45   45   105.91  105.913879  1273.69011   4.0  1  1
		 45   45   221.47  221.472015  1274.97187   4.0  1  1
		 45   45   786.38  786.379944  1280.62419   4.0  1  1
		 45   45  1625.07  1625.07373  1287.01606   4.0  1  1
		 46   46   992.38  992.380188  1293.67322   4.0  1  1
		 46   46  1288.69  1288.69092   1296.0204   4.0  1  1
		 46   46  1779.11  1779.11267  1299.22534   4.0  1  1
		 47   47    86.84  86.8435364   1296.0204   4.0  1  1
		 47   47   566.28  566.277954  1301.18219   4.0  1  1
		 47   47   775.77  775.768005  1303.19892   4.0  1  1
		 47   47  1090.80  1090.80408  1305.94589   4.0  1  1
		 47   47  1281.66  1281.65674  1307.44056   4.0  1  1
		 48   48   787.82  787.815002  1314.95072   4.0  1  1
		 48   48  1667.12  1667.12256  1321.76071   4.0  1  1
		 48   48  1968.12  1968.12073   1323.4513   4.0  1  1
		 49   49   295.60    295.6026  1321.76071   4.0  1  1
		 49   49   425.69  425.687958  1323.17238   4.0  1  1
		 49   49  1228.63  1228.62756  1330.59511   4.0  1  1
		 49   49  1620.35  1620.34607  1333.37635   4.0  1  1
		 50   50   112.82   112.81974   1331.6851   4.0  1  1
		 50   50   259.60  259.598938  1333.37635   4.0  1  1
		 50   50  1026.39  1026.38757  1341.02561   4.0  1  1
		 51   51   241.22  241.219955   1345.4007   4.0  1  1
		 51   51   442.27  442.265564  1347.64095   4.0  1  1
		 51   51   700.96  700.958435  1350.30969   4.0  1  1
		 51   51   749.82   749.81604  1350.78834   4.0  1  1
		 51   51  1200.44  1200.44165  1354.79052   4.0  1  1
		 51   51  1602.71  1602.70605  1357.73281   4.0  1  1
	offset	59
	slope	-1

# Fri 11:19:44 14-Aug-2020
begin	ecidentify apthars1
	id	apthars1
	task	ecidentify
	image	apthars1
	units	nanometers
	features	144
		  2  158  1421.00  935.678125   935.67865   4.0  1  1
		  3  157   458.30  935.682045   935.67865   4.0  1  1
		  3  157  1145.59  940.165726   940.16674   4.0  1  1
		  4  156  1434.54  947.747276   947.74781   4.0  1  1
		  4  156  1901.14  949.810159   949.81023   4.0  1  1
		  4  156  1945.76   949.97819   949.97938   4.0  1  1
		  5  155   747.85  949.810228   949.81023   4.0  1  1
		  5  155   773.25  949.980866   949.97938   4.0  1  1
		  7  153  1377.63  966.043223   966.04348   4.0  1  1
		  8  152   403.91  966.043659   966.04348   4.0  1  1
		  8  152  1016.66  970.322145    970.3223   4.0  1  1
		  8  152  1925.87  974.913156   974.91352   4.0  1  1
		  9  151   739.01  974.913707   974.91352   4.0  1  1
		  9  151  1354.31  978.718594    978.7186   4.0  1  1
		  9  151  1969.54  981.539443   981.53879   4.0  1  1
		 10  150   377.68  978.717491    978.7186   4.0  1  1
		 10  150   756.78  981.538514   981.53879   4.0  1  1
		 10  150   961.74  982.913391   982.91435   4.0  1  1
		 10  150  1072.36  983.610936    983.6119   4.0  1  1
		 12  148  1442.14   999.03883   999.03729   4.0  1  1
		 13  147  1156.42  1004.21096  1004.21157   4.0  1  1
		 13  147  1376.12  1005.48126  1005.47963   4.0  1  1
		 14  146   863.97    1009.189  1009.19003   4.0  1  1
		 14  146  1619.13  1013.63368  1013.63433   4.0  1  1
		 14  146  1788.53  1014.41822  1014.41765   4.0  1  1
		 17  143  1365.63  1033.55814  1033.55558   4.0  1  1
		 18  142  1628.42  1042.24487  1042.24335   4.0  1  1
		 19  141  1163.75  1047.00447   1047.0049   4.0  1  1
		 19  141  1209.64  1047.29171  1047.29222   4.0  1  1
		 19  141  1342.61  1048.09075  1048.09049   4.0  1  1
		 20  140   223.83   1047.2876  1047.29222   4.0  1  1
		 20  140  1566.30  1056.82078   1056.8199   4.0  1  1
		 22  138   855.74  1067.64797  1067.64898   4.0  1  1
		 22  138   970.21  1068.46896  1068.46995   4.0  1  1
		 22  138   993.44  1068.63106  1068.63317   4.0  1  1
		 22  138  1733.31  1072.98794  1072.98649   4.0  1  1
		 23  137   541.72  1072.98573  1072.98649   4.0  1  1
		 23  137   961.52  1076.20879  1076.20931   4.0  1  1
		 23  137  1170.97  1077.63125  1077.63202   4.0  1  1
		 24  136  1657.37  1088.39357  1088.39231   4.0  1  1
		 25  135   483.55  1088.39205  1088.39231   4.0  1  1
		 25  135  1315.58  1094.52404  1094.52427   4.0  1  1
		 25  135  1458.19  1095.37354  1095.37273   4.0  1  1
		 26  134   353.62  1095.37259  1095.37273   4.0  1  1
		 26  134  1829.92   1105.4942  1105.49215   4.0  1  1
		 27  133   907.86  1108.18922  1108.19033   4.0  1  1
		 27  133  1309.37  1110.94985  1110.94923   4.0  1  1
		 29  131   682.95  1123.33301  1123.33294   4.0  1  1
		 30  130  1146.17  1135.50631   1135.5028   4.0  1  1
		 30  130  1186.26  1135.78151  1135.78225   4.0  1  1
		 30  130  1863.65  1139.68167  1139.68207   4.0  1  1
		 31  129   557.80  1139.68207  1139.68207   4.0  1  1
		 31  129  1172.67  1144.49542  1144.49647   4.0  1  1
		 31  129  1583.65  1147.06948   1147.0685   4.0  1  1
		 32  128   390.28  1147.06982   1147.0685   4.0  1  1
		 32  128   619.44  1149.12559   1149.1254   4.0  1  1
		 33  127  1988.50  1167.18657  1167.19043   4.0  1  1
		 34  126   599.09  1167.19108  1167.19043   4.0  1  1
		 34  126  1246.72  1172.26874  1172.26969   4.0  1  1
		 34  126  1458.47  1173.64426  1173.64426   4.0  1  1
		 35  125   153.99   1172.2683  1172.26969   4.0  1  1
		 35  125   291.17  1173.64525  1173.64426   4.0  1  1
		 36  124   681.41  1186.75025  1186.74939   4.0  1  1
		 36  124   867.74  1188.32219   1188.3237   4.0  1  1
		 36  124   923.58  1188.77218  1188.77334   4.0  1  1
		 36  124  1080.93  1189.98729  1189.98895   4.0  1  1
		 36  124  1773.97  1194.39114   1194.3905   4.0  1  1
		 36  124  1825.31  1194.65467  1194.65475   4.0  1  1
		 36  124  1836.92  1194.71301  1194.71353   4.0  1  1
		 37  123   461.49  1194.39145   1194.3905   4.0  1  1
		 37  123   489.58   1194.6565  1194.65475   4.0  1  1
		 37  123   495.85  1194.71529  1194.71353   4.0  1  1
		 37  123   967.98  1198.79355   1198.7948   4.0  1  1
		 37  123  1445.87  1202.19945  1202.20052   4.0  1  1
		 37  123  1575.42  1202.99443  1202.99409   4.0  1  1
		 38  122   339.53  1202.99542  1202.99409   4.0  1  1
		 38  122  1370.33  1211.56367  1211.56411   4.0  1  1
		 38  122  1610.02  1213.06277  1213.06196   4.0  1  1
		 38  122  1837.12  1214.30552  1214.30614   4.0  1  1
		 39  121   205.02  1211.56466  1211.56411   4.0  1  1
		 39  121   352.12  1213.06571  1213.06196   4.0  1  1
		 39  121   479.14  1214.30797  1214.30614   4.0  1  1
		 39  121   602.92     1215.47  1215.46911   4.0  1  1
		 39  121  1288.75  1221.02156  1221.02331   4.0  1  1
		 39  121  1685.90  1223.52939  1223.52911   4.0  1  1
		 40  120  1759.31  1234.13717  1234.13736   4.0  1  1
		 40  120  1861.69  1234.67595  1234.67711   4.0  1  1
		 41  119   474.76  1234.67913  1234.67711   4.0  1  1
		 41  119   609.85  1235.96845  1235.96736   4.0  1  1
		 41  119  1161.68  1240.62074  1240.62215   4.0  1  1
		 41  119  1394.14  1242.27845  1242.27879   4.0  1  1
		 41  119  1716.48  1244.27307   1244.2726   4.0  1  1
		 42  118    44.63   1240.6181  1240.62215   4.0  1  1
		 42  118   387.55  1244.27471   1244.2726   4.0  1  1
		 42  118   558.03  1245.95381  1245.95223   4.0  1  1
		 42  118   908.13  1249.10685  1249.10794   4.0  1  1
		 42  118  1894.28  1255.77525  1255.77626   4.0  1  1
		 43  117   473.45  1255.77747  1255.77626   4.0  1  1
		 43  117   929.24  1259.96493  1259.96556   4.0  1  1
		 43  117  1251.30  1262.50641  1262.50717   4.0  1  1
		 43  117  1495.10  1264.19484   1264.1939   4.0  1  1
		 43  117  1623.41  1265.00061   1264.9994   4.0  1  1
		 44  116    88.42  1262.50917  1262.50717   4.0  1  1
		 44  116   241.54  1264.19549   1264.1939   4.0  1  1
		 44  116   317.26  1265.00169   1264.9994   4.0  1  1
		 44  116   899.38  1270.57445  1270.57571   4.0  1  1
		 44  116  1291.64  1273.68944  1273.69011   4.0  1  1
		 44  116  1476.30  1274.97242  1274.97187   4.0  1  1
		 45  115   105.91  1273.68851  1273.69011   4.0  1  1
		 45  115   221.47  1274.97278  1274.97187   4.0  1  1
		 45  115   786.38  1280.62349  1280.62419   4.0  1  1
		 45  115  1625.07  1287.01732  1287.01606   4.0  1  1
		 46  114   992.38  1293.67172  1293.67322   4.0  1  1
		 46  114  1288.69  1296.01986   1296.0204   4.0  1  1
		 46  114  1779.11  1299.22329  1299.22534   4.0  1  1
		 47  113    86.84  1296.01797   1296.0204   4.0  1  1
		 47  113   566.28    1301.183  1301.18219   4.0  1  1
		 47  113   775.77  1303.19814  1303.19892   4.0  1  1
		 47  113  1090.80  1305.94466  1305.94589   4.0  1  1
		 47  113  1281.66  1307.43988  1307.44056   4.0  1  1
		 48  112   787.82   1314.9497  1314.95072   4.0  1  1
		 48  112  1667.12  1321.76315  1321.76071   4.0  1  1
		 48  112  1914.20  1323.17222  1323.17238   4.0  1  1
		 48  112  1968.12   1323.4494   1323.4513   4.0  1  1
		 49  111   295.60  1321.76126  1321.76071   4.0  1  1
		 49  111   425.69  1323.17336  1323.17238   4.0  1  1
		 49  111   452.04  1323.45241   1323.4513   4.0  1  1
		 49  111   877.25  1327.62516  1327.62661   4.0  1  1
		 49  111  1228.63  1330.59462  1330.59511   4.0  1  1
		 49  111  1373.00  1331.68623   1331.6851   4.0  1  1
		 49  111  1620.35  1333.37938  1333.37635   4.0  1  1
		 50  110   112.82   1331.6819   1331.6851   4.0  1  1
		 50  110   259.60  1333.37641  1333.37635   4.0  1  1
		 50  110   605.16   1337.0764  1337.07674   4.0  1  1
		 50  110   612.24  1337.14788  1337.14824   4.0  1  1
		 50  110  1026.39  1341.02411  1341.02561   4.0  1  1
		 51  109   241.22  1345.40292   1345.4007   4.0  1  1
		 51  109   442.27  1347.63836  1347.64095   4.0  1  1
		 51  109   700.96  1350.30838  1350.30969   4.0  1  1
		 51  109   749.82  1350.78626  1350.78834   4.0  1  1
		 51  109  1158.04  1354.44503  1354.44446   4.0  1  1
		 51  109  1200.44  1354.79042  1354.79052   4.0  1  1
		 51  109  1485.33  1356.93912  1356.93713   4.0  1  1
		 51  109  1602.71  1357.73637  1357.73281   4.0  1  1
	offset	160
	slope	-1
	niterate 0
	lowreject 3.
	highreject 3.
	coefficients	20
		1.
		4.
		3.
		1.
		1.
		2048.
		109.
		159.
		147400.5579088553
		964.6032176256479
		-101.8593474390514
		-1.176417944510849
		-6.600334172441624
		-4.691069425362498
		1.826195182415529
		0.1189496217997906
		0.737939802314307
		-1.554187793983052
		0.3207218189308046
		-0.01427640796915729

