# Fri 15:04:30 14-Aug-2020
begin	ecidentify apthars2
	id	apthars2
	task	ecidentify
	image	apthars2
	units	nanometers
	features	86
		  1  104   905.77  1417.25339  1417.25444   4.0  1  1
		  1  104   969.59  1417.85631  1417.85858   4.0  1  1
		  1  104  1979.99  1425.30692  1425.30902   4.0  1  1
		  2  103   370.58  1425.31274  1425.30902   4.0  1  1
		  2  103   413.29  1425.80681  1425.80394   4.0  1  1
		  2  103   437.06  1426.07893  1426.07632   4.0  1  1
		  2  103  1323.54   1434.7175  1434.71881   4.0  1  1
		  3  102   688.94  1442.84767  1442.84778   4.0  1  1
		  3  102   959.42  1445.56882  1445.57101   4.0  1  1
		  4  101   784.71  1458.14328  1458.14447   4.0  1  1
		  4  101   806.83  1458.37039  1458.37167   4.0  1  1
		  4  101   968.28  1459.97079  1459.97248   4.0  1  1
		  4  101   975.99  1460.04469  1460.04637   4.0  1  1
		  4  101   998.18  1460.25611  1460.25788   4.0  1  1
		  4  101  1223.87  1462.29672  1462.29677   4.0  1  1
		  4  101  1386.11  1463.63904  1463.63735   4.0  1  1
		  4  101  1411.98  1463.84335  1463.84146   4.0  1  1
		  4  101  1627.18  1465.43789  1465.43531   4.0  1  1
		  4  101  1693.92   1465.8941  1465.89215   4.0  1  1
		  5  100    17.73  1463.63278  1463.63735   4.0  1  1
		  5  100    33.34  1463.83971  1463.84146   4.0  1  1
		  5  100   156.16  1465.43655  1465.43531   4.0  1  1
		  5  100   192.17  1465.89428  1465.89215   4.0  1  1
		  5  100   508.02  1469.70302  1469.70258   4.0  1  1
		  5  100   513.82  1469.76945  1469.76914   4.0  1  1
		  5  100   748.95   1472.3551  1472.35651   4.0  1  1
		  5  100   941.63  1474.31509  1474.31673   4.0  1  1
		  5  100   964.09   1474.5342   1474.5356   4.0  1  1
		  5  100  1451.66  1478.79514   1478.7929   4.0  1  1
		  5  100  1470.92  1478.94379  1478.94285   4.0  1  1
		  5  100  1479.93  1479.01279   1479.0104   4.0  1  1
		  6   99    61.38  1479.00887   1479.0104   4.0  1  1
		  6   99   218.93  1481.05047  1481.05067   4.0  1  1
		  6   99   439.69  1483.75535  1483.75327   4.0  1  1
		  6   99  1546.74  1494.46016  1494.45843   4.0  1  1
		  6   99  1594.13   1494.8079  1494.80675   4.0  1  1
		  7   98    87.40  1494.45819  1494.45843   4.0  1  1
		  7   98   113.59  1494.80474  1494.80675   4.0  1  1
		  7   98   292.68  1497.10543   1497.1046   4.0  1  1
		  7   98   848.06  1503.46047   1503.4622   4.0  1  1
		  7   98   855.42  1503.53666  1503.52758   4.0  1  1
		  7   98  1007.40  1505.06041  1505.06179   4.0  1  1
		  8   97   728.12  1517.68229  1517.68355   4.0  1  1
		  8   97   774.61  1518.18644  1518.18784   4.0  1  1
		  8   97   880.06  1519.29799  1519.30059   4.0  1  1
		  8   97  1440.26  1524.44491  1524.44165   4.0  1  1
		  9   96   477.65  1530.60752  1530.60653   4.0  1  1
		  9   96   522.94  1531.14857  1531.14722   4.0  1  1
		  9   96   714.97  1533.35244  1533.35353   4.0  1  1
		  9   96   893.47  1535.26876   1535.2715   4.0  1  1
		  9   96   900.58  1535.34245  1535.34412   4.0  1  1
		  9   96   938.37  1535.73059  1535.73219   4.0  1  1
		  9   96   963.62  1535.98664  1535.98825   4.0  1  1
		  9   96  1485.33  1540.68678  1540.68529   4.0  1  1
		  9   96  1867.07  1543.39345  1543.39963   4.0  1  1
		 10   95    14.53   1540.6828  1540.68529   4.0  1  1
		 10   95   215.02  1543.40188  1543.39963   4.0  1  1
		 10   95   346.13  1545.09629  1545.09537   4.0  1  1
		 10   95   954.44  1552.06594  1552.06728   4.0  1  1
		 10   95  1371.94  1555.97179  1555.97122   4.0  1  1
		 11   94    86.08  1558.08588  1558.08313   4.0  1  1
		 11   94  1542.35  1573.92142  1573.92066   4.0  1  1
		 12   93    19.59   1573.9193  1573.92066   4.0  1  1
		 12   93   326.60  1578.09432  1578.09219   4.0  1  1
		 12   93   456.49  1579.74849  1579.74669   4.0  1  1
		 12   93   640.99    1581.981  1581.98153   4.0  1  1
		 12   93   652.00  1582.10992  1582.10956   4.0  1  1
		 12   93   783.10  1583.60585  1583.60713   4.0  1  1
		 12   93  1294.17  1588.75081  1588.75057   4.0  1  1
		 12   93  1487.29  1590.40369  1590.40309   4.0  1  1
		 13   92   658.01   1599.3862  1599.38589   4.0  1  1
		 13   92   799.63  1601.01135  1601.01258   4.0  1  1
		 14   91   319.47  1612.70993   1612.7063   4.0  1  1
		 14   91   784.72   1618.4432  1618.44406   4.0  1  1
		 15   90    47.93   1626.8517   1626.8511   4.0  1  1
		 15   90   975.02  1638.53774  1638.53856   4.0  1  1
		 15   90  1571.51   1644.1058  1644.10689   4.0  1  1
		 16   89   585.75  1652.43967  1652.43783   4.0  1  1
		 16   89   832.57   1655.3774  1655.37824   4.0  1  1
		 16   89   842.53  1655.49044  1655.49108   4.0  1  1
		 17   88   856.06  1674.46446  1674.46481   4.0  1  1
		 17   88  1119.67  1677.31205  1677.31283   4.0  1  1
		 18   87   926.87  1694.52143  1694.52121   4.0  1  1
		 20   85  1333.45  1738.66623   1738.6653   4.0  1  1
		 20   85  1555.13  1740.66672   1740.6654   4.0  1  1
		 21   84   164.35  1744.96473  1744.96662   4.0  1  1
	offset	105
	slope	-1
	niterate 0
	lowreject 3.
	highreject 3.
	coefficients	20
		1.
		4.
		3.
		1.
		1.
		2048.
		84.
		104.
		147411.1162193587
		959.3545299204417
		-102.6058819539757
		-1.340862713645577
		-4.954580643508634
		8.935231105757986
		-0.9859705470663118
		-0.05880991917460691
		0.3952009078505526
		-1.453488239957424
		0.4305124949921562
		0.1356157410534364

# Fri 15:06:13 14-Aug-2020
begin	ecidentify apthars2
	id	apthars2
	task	ecidentify
	image	apthars2
	units	nanometers
	features	95
		  1  104   905.77  1417.25299  1417.25444   4.0  1  1
		  1  104   969.59  1417.85598  1417.85858   4.0  1  1
		  1  104  1979.99  1425.30784  1425.30902   4.0  1  1
		  2  103   370.58  1425.31238  1425.30902   4.0  1  1
		  2  103   413.29  1425.80641  1425.80394   4.0  1  1
		  2  103   437.06   1426.0785  1426.07632   4.0  1  1
		  2  103  1323.54  1434.71799  1434.71881   4.0  1  1
		  3  102   688.94  1442.84748  1442.84778   4.0  1  1
		  3  102   959.42  1445.56926  1445.57101   4.0  1  1
		  4  101   784.71  1458.14354  1458.14447   4.0  1  1
		  4  101   806.83  1458.37068  1458.37167   4.0  1  1
		  4  101   968.28  1459.97164  1459.97248   4.0  1  1
		  4  101   975.99  1460.04557  1460.04637   4.0  1  1
		  4  101   998.18  1460.25703  1460.25788   4.0  1  1
		  4  101  1223.87  1462.29777  1462.29677   4.0  1  1
		  4  101  1386.11  1463.63958  1463.63735   4.0  1  1
		  4  101  1411.98  1463.84374  1463.84146   4.0  1  1
		  4  101  1627.18  1465.43623  1465.43531   4.0  1  1
		  4  101  1693.92  1465.89145  1465.89215   4.0  1  1
		  5  100    17.73  1463.63387  1463.63735   4.0  1  1
		  5  100    33.34  1463.84062  1463.84146   4.0  1  1
		  5  100   156.16  1465.43643  1465.43531   4.0  1  1
		  5  100   192.17  1465.89396  1465.89215   4.0  1  1
		  5  100   508.02  1469.70246  1469.70258   4.0  1  1
		  5  100   513.82  1469.76886  1469.76914   4.0  1  1
		  5  100   742.01  1472.28207  1472.28143   4.0  1  1
		  5  100   748.95   1472.3554  1472.35651   4.0  1  1
		  5  100   941.63  1474.31615  1474.31673   4.0  1  1
		  5  100   964.09   1474.5353   1474.5356   4.0  1  1
		  5  100  1451.66  1478.79519   1478.7929   4.0  1  1
		  5  100  1470.92  1478.94364  1478.94285   4.0  1  1
		  5  100  1479.93  1479.01256   1479.0104   4.0  1  1
		  6   99    61.38  1479.00943   1479.0104   4.0  1  1
		  6   99   218.94  1481.04992  1481.05067   4.0  1  1
		  6   99   439.69  1483.75454  1483.75327   4.0  1  1
		  6   99   827.43  1488.05725  1488.05731   4.0  1  1
		  6   99  1546.74  1494.45885  1494.45843   4.0  1  1
		  6   99  1594.13  1494.80577  1494.80675   4.0  1  1
		  7   98    87.40  1494.45839  1494.45843   4.0  1  1
		  7   98   113.59   1494.8047  1494.80675   4.0  1  1
		  7   98   292.68  1497.10447   1497.1046   4.0  1  1
		  7   98   848.06  1503.46149   1503.4622   4.0  1  1
		  7   98  1007.40  1505.06207  1505.06179   4.0  1  1
		  8   97   728.12   1517.6827  1517.68355   4.0  1  1
		  8   97   774.61  1518.18712  1518.18784   4.0  1  1
		  8   97   880.06  1519.29929  1519.30059   4.0  1  1
		  8   97  1440.26  1524.44498  1524.44165   4.0  1  1
		  9   96   477.65  1530.60655  1530.60653   4.0  1  1
		  9   96   522.94  1531.14779  1531.14722   4.0  1  1
		  9   96   714.97  1533.35276  1533.35353   4.0  1  1
		  9   96   893.47  1535.27019   1535.2715   4.0  1  1
		  9   96   900.58   1535.3439  1535.34412   4.0  1  1
		  9   96   938.37  1535.73218  1535.73219   4.0  1  1
		  9   96   963.62  1535.98836  1535.98825   4.0  1  1
		  9   96  1485.33  1540.68613  1540.68529   4.0  1  1
		 10   95    14.53  1540.68377  1540.68529   4.0  1  1
		 10   95   215.02  1543.40082  1543.39963   4.0  1  1
		 10   95   346.13  1545.09494  1545.09537   4.0  1  1
		 10   95   954.44  1552.06763  1552.06728   4.0  1  1
		 10   95  1371.94  1555.97271  1555.97122   4.0  1  1
		 10   95  1639.18  1558.07902  1558.08313   4.0  1  1
		 11   94    86.08  1558.08576  1558.08313   4.0  1  1
		 11   94   483.01  1563.25716  1563.25407   4.0  1  1
		 11   94  1542.35  1573.91968  1573.92066   4.0  1  1
		 12   93    19.59     1573.92  1573.92066   4.0  1  1
		 12   93   326.60   1578.0928  1578.09219   4.0  1  1
		 12   93   456.49  1579.74708  1579.74669   4.0  1  1
		 12   93   640.99  1581.98061  1581.98153   4.0  1  1
		 12   93   652.00  1582.10953  1582.10956   4.0  1  1
		 12   93   783.10  1583.60638  1583.60713   4.0  1  1
		 12   93  1294.17  1588.75239  1588.75057   4.0  1  1
		 12   93  1487.29  1590.40307  1590.40309   4.0  1  1
		 13   92   658.01  1599.38574  1599.38589   4.0  1  1
		 13   92   799.63  1601.01187  1601.01258   4.0  1  1
		 14   91   319.47  1612.70819   1612.7063   4.0  1  1
		 14   91   784.72  1618.44339  1618.44406   4.0  1  1
		 15   90    47.93  1626.85176   1626.8511   4.0  1  1
		 15   90   975.02  1638.53869  1638.53856   4.0  1  1
		 15   90  1571.51  1644.10433  1644.10689   4.0  1  1
		 16   89   585.75  1652.43817  1652.43783   4.0  1  1
		 16   89   755.93  1654.49249  1654.49369   4.0  1  1
		 16   89   832.57  1655.37724  1655.37824   4.0  1  1
		 16   89   842.53  1655.49034  1655.49108   4.0  1  1
		 17   88   856.06  1674.46403  1674.46481   4.0  1  1
		 17   88  1119.67  1677.31278  1677.31283   4.0  1  1
		 18   87   287.31  1686.47371  1686.46987   4.0  1  1
		 18   87   926.87  1694.52084  1694.52121   4.0  1  1
		 19   86  1660.57  1721.29133  1721.29216   4.0  1  1
		 19   86  1898.00  1723.03641  1723.03655   4.0  1  1
		 20   85   572.96  1730.08338  1730.08312   4.0  1  1
		 20   85   663.28  1731.23875  1731.23846   4.0  1  1
		 20   85  1319.63  1738.53406  1738.53476   4.0  1  1
		 20   85  1333.45  1738.66651   1738.6653   4.0  1  1
		 20   85  1555.13  1740.66838   1740.6654   4.0  1  1
		 21   84   164.35  1744.96348  1744.96662   4.0  1  1
	offset	105
	slope	-1
	niterate 0
	lowreject 3.
	highreject 3.
	coefficients	20
		1.
		4.
		3.
		1.
		1.
		2048.
		84.
		104.
		147410.9464439352
		959.0835042988411
		-102.8145228454334
		-1.52909498611256
		-5.002169302455785
		8.721249582457766
		-1.111417850275661
		-0.0869651508136485
		0.6542445376392487
		-0.9461966139090215
		0.8324499469888442
		0.3090216717338731

