# Thu 17:02:52 13-Aug-2020
begin	ecidentify apthars1
	id	apthars1
	task	ecidentify
	image	apthars1
	units	nanometers
	features	16
		  1    1   904.50  904.502441  1417.25444   4.0  1  1
		  1    1   968.36  968.359314  1417.85858   4.0  1  1
		  1    1  1977.95  1977.95203  1425.30902   4.0  1  1
		  2    2   369.50  369.504425  1425.30902   4.0  1  1
		  2    2   436.00  435.995819  1426.07632   4.0  1  1
		  3    3   687.82   687.81958  1442.84778   4.0  1  1
		  3    3   958.27  958.273865  1445.57101   4.0  1  1
		  4    4   974.75  974.751709  1460.04637   4.0  1  1
		  4    4  1384.61  1384.61279  1463.63735   4.0  1  1
		  4    4  1410.48   1410.4751  1463.84146   4.0  1  1
		  4    4  1625.51  1625.50635  1465.43531   4.0  1  1
		  5    5    32.32  32.3159256  1463.84146   4.0  1  1
		  5    5   155.11   155.10733  1465.43531   4.0  1  1
		  5    5   506.94   506.94278  1469.70258   4.0  1  1
		  5    5   940.38  940.384644  1474.31673   4.0  1  1
		  5    5  1478.39  1478.39258   1479.0104   4.0  1  1
	slope	0

# Thu 17:23:26 13-Aug-2020
begin	ecidentify apthars1
	id	apthars1
	task	ecidentify
	image	apthars1
	units	nanometers
	features	60
		  1  104   904.50  1416.68613  1417.25444   4.0  1  1
		  1  104   968.36  1417.28037  1417.85858   4.0  1  1
		  1  104  1977.95   1426.6749  1425.30902   4.0  1  1
		  2  103   369.50  1425.41469  1425.30902   4.0  1  1
		  2  103   436.00  1426.04064  1426.07632   4.0  1  1
		  3  102   687.82  1442.42146  1442.84778   4.0  1  1
		  3  102   958.27  1444.99676  1445.57101   4.0  1  1
		  4  101   974.75  1459.47369  1460.04637   4.0  1  1
		  4  101  1384.61  1463.42227  1463.63735   4.0  1  1
		  4  101  1410.48   1463.6715  1463.84146   4.0  1  1
		  4  101  1625.51   1465.7431  1465.43531   4.0  1  1
		  5  100    32.32  1464.89337  1463.84146   4.0  1  1
		  5  100   155.11  1466.09031  1465.43531   4.0  1  1
		  5  100   506.94  1469.51992  1469.70258   4.0  1  1
		  5  100   940.38  1473.74506  1474.31673   4.0  1  1
		  5  100  1478.39  1478.98954   1479.0104   4.0  1  1
		  6   99    60.29  1479.96121   1479.0104   4.0  1  1
		  6   99  1545.24  1494.60899  1494.45843   4.0  1  1
		  6   99  1592.77  1495.07782  1494.80675   4.0  1  1
		  7   98   846.84  1502.91029   1503.4622   4.0  1  1
		  7   98  1006.12  1504.50037  1505.06179   4.0  1  1
		  8   97   726.95  1517.20258  1517.68355   4.0  1  1
		  8   97   773.43  1517.67214  1518.18784   4.0  1  1
		  9   96   476.51  1530.45302  1530.60653   4.0  1  1
		  9   96   713.79  1532.87978  1533.35353   4.0  1  1
		  9   96   899.34  1534.77743  1535.34412   4.0  1  1
		  9   96   937.12  1535.16388  1535.73219   4.0  1  1
		  9   96  1483.82  1540.75518  1540.68529   4.0  1  1
		  9   96  1868.99  1544.69452  1543.39963   4.0  1  1
		 10   95    13.48  1541.77206  1540.68529   4.0  1  1
		 10   95   213.92  1543.84737  1543.39963   4.0  1  1
		 10   95   345.12  1545.20572  1545.09537   4.0  1  1
		 10   95   953.09  1551.50038  1552.06728   4.0  1  1
		 10   95  1370.51  1555.82219  1555.97122   4.0  1  1
		 10   95  1637.68  1558.58845  1558.08313   4.0  1  1
		 11   94    84.89  1558.91687  1558.08313   4.0  1  1
		 11   94  1540.82  1574.17866  1573.92066   4.0  1  1
		 12   93    18.49  1574.97033  1573.92066   4.0  1  1
		 12   93   650.82   1581.6819  1582.10956   4.0  1  1
		 12   93   781.92  1583.07342  1583.60713   4.0  1  1
		 12   93  1292.78  1588.49576  1588.75057   4.0  1  1
		 12   93  1485.77  1590.54427  1590.40309   4.0  1  1
		 13   92   656.82  1598.94517  1599.38589   4.0  1  1
		 14   91   318.34  1612.83788   1612.7063   4.0  1  1
		 14   91   783.52   1617.9019  1618.44406   4.0  1  1
		 14   91  1675.15  1627.60826   1626.8511   4.0  1  1
		 15   90    46.86  1627.76497   1626.8511   4.0  1  1
		 15   90  1570.02  1644.56019  1644.10689   4.0  1  1
		 16   89   584.56  1652.05541  1652.43783   4.0  1  1
		 16   89   831.37   1654.8124  1655.37824   4.0  1  1
		 16   89   841.32   1654.9235  1655.49108   4.0  1  1
		 17   88   854.82  1673.89288  1674.46481   4.0  1  1
		 17   88  1118.28  1676.87452  1677.31283   4.0  1  1
		 18   87   925.44  1693.95386  1694.52121   4.0  1  1
		 19   86  1655.02   1722.1423  1721.29216   4.0  1  1
		 20   85   571.00   1729.6621  1730.08312   4.0  1  1
		 20   85   662.12  1730.73538  1731.23846   4.0  1  1
		 20   85  1332.29   1738.6292   1738.6653   4.0  1  1
		 20   85  1553.31   1741.2325   1740.6654   4.0  1  1
		 21   84   163.15  1745.38909  1744.96662   4.0  1  1
	offset	105
	slope	-1
	niterate 0
	lowreject 3.
	highreject 3.
	coefficients	12
		1.
		2.
		2.
		1.
		1.
		2048.
		84.
		104.
		147464.0322678142
		1008.509952310188
		-12.54433867994338
		-18.01770544025555

# Thu 17:29:18 13-Aug-2020
begin	ecidentify apthars1
	id	apthars1
	task	ecidentify
	image	apthars1
	units	nanometers
	features	89
		  1  104   904.50  1417.25283  1417.25444   4.0  1  1
		  1  104   968.36  1417.85642  1417.85858   4.0  1  1
		  1  104  1679.02  1423.51977  1423.52148   4.0  1  1
		  1  104  1977.95  1425.30914  1425.30902   4.0  1  1
		  2  103   369.50  1425.31156  1425.30902   4.0  1  1
		  2  103   412.17  1425.80537  1425.80394   4.0  1  1
		  2  103   436.00  1426.07817  1426.07632   4.0  1  1
		  2  103  1322.06    1434.718  1434.71881   4.0  1  1
		  3  102   687.82  1442.84748  1442.84778   4.0  1  1
		  3  102   958.27   1445.5704  1445.57101   4.0  1  1
		  4  101   783.53  1458.14335  1458.14447   4.0  1  1
		  4  101   805.73  1458.37152  1458.37167   4.0  1  1
		  4  101   967.03  1459.97189  1459.97248   4.0  1  1
		  4  101   974.75  1460.04594  1460.04637   4.0  1  1
		  4  101   997.02  1460.25827  1460.25788   4.0  1  1
		  4  101  1222.52  1462.29843  1462.29677   4.0  1  1
		  4  101  1384.61  1463.63956  1463.63735   4.0  1  1
		  4  101  1410.48  1463.84374  1463.84146   4.0  1  1
		  4  101  1625.51  1465.43525  1465.43531   4.0  1  1
		  4  101  1692.18  1465.88988  1465.89215   4.0  1  1
		  5  100    16.97  1463.63728  1463.63735   4.0  1  1
		  5  100    32.32  1463.84054  1463.84146   4.0  1  1
		  5  100   155.11  1465.43567  1465.43531   4.0  1  1
		  5  100   191.10  1465.89296  1465.89215   4.0  1  1
		  5  100   506.94   1469.7019  1469.70258   4.0  1  1
		  5  100   512.81   1469.7692  1469.76914   4.0  1  1
		  5  100   747.96  1472.35695  1472.35651   4.0  1  1
		  5  100   940.38  1474.31624  1474.31673   4.0  1  1
		  5  100   962.91  1474.53608   1474.5356   4.0  1  1
		  5  100  1450.20  1478.79544   1478.7929   4.0  1  1
		  5  100  1469.61  1478.94507  1478.94285   4.0  1  1
		  5  100  1478.39  1479.01223   1479.0104   4.0  1  1
		  6   99    60.29  1479.00859   1479.0104   4.0  1  1
		  6   99   217.98  1481.05044  1481.05067   4.0  1  1
		  6   99   438.64  1483.75415  1483.75327   4.0  1  1
		  6   99  1545.24  1494.45857  1494.45843   4.0  1  1
		  6   99  1592.77  1494.80638  1494.80675   4.0  1  1
		  7   98    86.17  1494.45589  1494.45843   4.0  1  1
		  7   98   112.65  1494.80587  1494.80675   4.0  1  1
		  7   98   291.75  1497.10541   1497.1046   4.0  1  1
		  7   98   846.84  1503.46125   1503.4622   4.0  1  1
		  7   98   853.19  1503.52702  1503.52758   4.0  1  1
		  7   98  1006.12  1505.06219  1505.06179   4.0  1  1
		  8   97   726.95  1517.68236  1517.68355   4.0  1  1
		  8   97   773.43  1518.18691  1518.18784   4.0  1  1
		  8   97   878.78  1519.29861  1519.30059   4.0  1  1
		  8   97  1438.59  1524.44317  1524.44165   4.0  1  1
		  9   96   476.51  1530.60565  1530.60653   4.0  1  1
		  9   96   521.79  1531.14689  1531.14722   4.0  1  1
		  9   96   713.79  1533.35229  1533.35353   4.0  1  1
		  9   96   892.30  1535.27077   1535.2715   4.0  1  1
		  9   96   899.34  1535.34378  1535.34412   4.0  1  1
		  9   96   937.12  1535.73216  1535.73219   4.0  1  1
		  9   96   962.25  1535.98728  1535.98825   4.0  1  1
		  9   96  1483.82  1540.68542  1540.68529   4.0  1  1
		  9   96  1868.99  1543.39941  1543.39963   4.0  1  1
		 10   95    13.48   1540.6845  1540.68529   4.0  1  1
		 10   95   213.92  1543.40034  1543.39963   4.0  1  1
		 10   95   293.47  1544.43604  1544.43282   4.0  1  1
		 10   95   345.12  1545.09555  1545.09537   4.0  1  1
		 10   95   953.09  1552.06667  1552.06728   4.0  1  1
		 10   95  1370.51  1555.97247  1555.97122   4.0  1  1
		 11   94    84.89  1558.08441  1558.08313   4.0  1  1
		 11   94  1540.82  1573.91867  1573.92066   4.0  1  1
		 12   93    18.49  1573.91997  1573.92066   4.0  1  1
		 12   93   325.45   1578.0923  1578.09219   4.0  1  1
		 12   93   455.34  1579.74688  1579.74669   4.0  1  1
		 12   93   639.97   1581.9824  1581.98153   4.0  1  1
		 12   93   650.82  1582.10945  1582.10956   4.0  1  1
		 12   93   781.92  1583.60669  1583.60713   4.0  1  1
		 12   93  1292.78  1588.75205  1588.75057   4.0  1  1
		 12   93  1485.77  1590.40204  1590.40309   4.0  1  1
		 13   92   656.82  1599.38589  1599.38589   4.0  1  1
		 13   92   798.48  1601.01274  1601.01258   4.0  1  1
		 14   91   318.34  1612.70891   1612.7063   4.0  1  1
		 14   91   783.52  1618.44392  1618.44406   4.0  1  1
		 15   90    46.86  1626.85212   1626.8511   4.0  1  1
		 15   90   973.81  1638.53922  1638.53856   4.0  1  1
		 15   90  1570.02  1644.10428  1644.10689   4.0  1  1
		 16   89   584.56  1652.43969  1652.43783   4.0  1  1
		 16   89   831.37  1655.37823  1655.37824   4.0  1  1
		 16   89   841.32   1655.4912  1655.49108   4.0  1  1
		 17   88   854.82  1674.46475  1674.46481   4.0  1  1
		 17   88  1118.28  1677.31114  1677.31283   4.0  1  1
		 18   87   925.44  1694.51921  1694.52121   4.0  1  1
		 19   86  1894.00  1723.03625  1723.03655   4.0  1  1
		 20   85  1332.29  1738.66682   1738.6653   4.0  1  1
		 20   85  1553.31  1740.66735   1740.6654   4.0  1  1
		 21   84   163.15  1744.96498  1744.96662   4.0  1  1
	offset	105
	slope	-1
	niterate 0
	lowreject 3.
	highreject 3.
	coefficients	20
		1.
		4.
		3.
		1.
		1.
		2048.
		84.
		104.
		147412.2865846843
		959.1168372069402
		-102.672497523786
		-1.375882850253091
		-5.360694438366995
		8.280075164683375
		-1.526886883593667
		-0.4598891022951469
		0.906110701827768
		-0.4969183375609481
		1.097128843792832
		0.5500628086666461

