# units nm
900.03463
901.09279
901.23561
901.50002
901.90651
902.00668
903.42982
904.03745
904.26045
904.78359
905.07335
905.10085
905.57404
905.59701
905.85648
906.07437
906.50506
906.64476
906.86004
906.97365
907.20706
907.47691
907.58066
907.78860
909.29392
909.33137
909.73249
909.73758
909.76008
910.35802
910.97262
911.40322
912.06394
912.21388
912.54712
912.88346
913.47803
913.71989
914.30643
915.86995
916.84103
917.03106
917.33386
918.12983
919.00867
919.61156
919.71621
920.09996
920.12877
920.22085
920.42561
920.64872
921.05511
921.11077
921.84484
922.39624
922.48701
922.70306
923.00439
923.50291
923.58094
923.63913
924.18609
924.77902
925.31180
926.28661
926.62244
926.87493
926.94622
926.96133
926.96303
927.02313
927.26938
927.37240
927.88181
928.78539
929.01265
929.21111
929.40807
929.75243
930.25652
931.04493
931.29982
932.02861
932.24809
932.26284
932.98061
933.87235
934.32677
934.66576
934.67710
935.67865
935.85582
936.35545
938.58462
939.15064
939.31612
939.48406
940.16674
941.19300
941.66710
942.00406
942.30635
942.32035
943.41865
943.48693
943.94016
944.95816
945.30517
945.77958
946.12218
946.16564
946.34648
946.36229
946.38023
946.97922
947.32795
947.74781
947.75203
948.09306
948.48565
948.48910
948.95274
949.81023
949.97938
950.26612
950.29057
950.40446
950.80000
951.02600
951.10607
951.35552
953.90224
955.06490
955.36606
955.66055
956.38674
956.81815
956.99039
957.04533
957.41278
957.99731
958.54414
958.57074
958.96567
959.29728
959.80224
960.45653
961.11217
961.15710
961.62922
961.63278
962.18546
962.36340
962.78380
963.03112
963.22100
963.33859
963.52854
964.51213
964.59640
965.90900
966.04348
966.62935
966.73484
966.90321
967.74442
967.87566
967.94902
968.08806
968.83310
969.76890
970.32230
970.32712
970.42386
970.49327
971.88062
972.11570
973.88806
974.12929
974.62331
974.91352
975.62664
975.88195
975.98948
976.13115
976.72828
977.22128
977.62467
978.21343
978.57642
978.71860
978.80357
979.21955
979.88860
979.99312
980.30501
980.43953
980.63821
981.53879
981.58393
981.71107
981.76477
982.18694
982.91435
983.33956
983.43648
983.61190
983.67036
984.07019
984.36167
984.83834
985.21602
985.67659
985.84441
986.73027
986.81534
987.05958
987.16258
987.47016
987.53364
987.65220
989.87608
990.10661
990.50717
990.86024
990.91073
991.01879
991.27921
991.35527
991.38299
991.49167
991.88376
991.88781
993.00464
993.25320
993.27656
993.54969
993.74424
993.79226
994.15610
994.57901
994.98038
995.18805
995.45763
995.50985
996.07846
996.62223
996.97786
997.31955
997.58237
997.74235
998.77870
999.03729
999.26756
999.53872
999.66027
1000.12503
1000.17006
1001.41395
1003.23914
1003.59713
1003.98705
1004.18478
1004.21157
1004.80663
1005.07908
1005.47963
1005.69441
1005.77181
1005.89656
1007.17354
1008.16685
1008.23034
1008.39863
1008.54798
1008.56428
1008.65492
1008.91685
1009.19003
1010.53442
1010.78463
1010.83152
1011.43659
1011.46461
1012.07629
1012.34317
1012.93259
1013.41444
1013.63433
1014.01646
1014.32103
1014.41765
1014.70450
1016.61649
1017.77964
1018.13088
1018.33832
1018.73304
1019.12078
1019.76943
1021.43319
1021.72362
1021.74704
1022.12330
1022.21806
1022.37973
1022.64605
1023.88331
1024.45820
1025.03651
1025.34884
1025.68368
1025.83908
1026.01800
1026.09782
1027.10736
1027.13650
1027.40032
1027.48729
1027.96150
1028.11624
1028.16766
1028.59341
1028.83041
1029.18111
1029.58698
1030.26951
1030.39896
1030.69009
1031.13693
1031.19480
1031.77201
1031.97180
1032.01867
1033.55558
1033.77571
1034.71157
1034.93719
1035.18841
1035.31678
1036.10063
1036.28405
1036.57992
1037.23674
1038.03318
1038.09845
1038.16632
1039.03415
1040.42467
1040.59024
1041.13492
1041.32827
1041.53559
1041.58448
1042.07303
1042.24335
1042.66521
1042.69764
1043.25280
1043.69667
1043.77463
1043.79539
1043.97237
1044.23661
1044.33704
1045.33054
1046.25865
1047.00490
1047.29222
1048.05670
1048.09049
1048.62378
1049.02983
1049.51323
1049.77153
1049.84792
1050.13683
1050.54665
1050.89992
1050.93808
1051.24146
1051.50846
1052.10668
1052.23926
1052.87222
1053.00140
1053.06705
1053.22121
1053.28701
1053.62691
1053.97503
1054.31025
1054.38421
1054.56720
1054.81812
1055.67745
1055.77280
1055.93421
1056.60791
1056.81990
1057.00752
1057.92550
1058.45797
1058.46127
1058.79217
1058.98240
1058.99979
1059.42494
1059.76801
1059.98092
1060.34970
1060.42413
1060.83651
1061.00098
1061.28596
1061.62910
1061.79109
1062.54541
1063.27527
1063.71956
1064.10374
1064.32354
1064.94321
1065.25714
1065.74098
1066.37767
1066.71537
1067.14147
1067.64898
1068.12889
1068.46995
1068.63317
1069.31012
1070.32863
1070.39181
1070.65778
1071.57231
1072.51681
1072.68615
1072.83566
1072.98649
1073.51836
1073.67956
1074.47565
1074.73097
1075.23728
1075.24344
1075.48085
1075.54159
1075.72758
1076.20931
1077.33341
1077.53853
1077.63202
1077.72883
1077.99322
1078.20489
1078.88650
1078.93194
1079.70190
1080.30065
1080.31162
1080.54916
1080.68759
1080.74822
1080.99741
1081.03042
1081.52410
1081.58600
1081.63558
1081.65325
1082.30431
1082.31879
1083.71408
1083.82254
1084.73746
1085.64308
1086.03296
1086.40531
1086.54783
1086.75704
1086.99261
1087.03167
1087.29408
1088.39231
1088.55541
1089.32665
1089.53464
1089.78574
1090.41750
1091.43145
1091.65685
1092.64365
1092.67120
1092.74776
1093.01915
1094.19074
1094.46207
1094.52427
1094.54014
1094.54330
1095.08672
1095.11497
1095.37273
1095.86405
1096.58863
1096.69815
1096.82537
1097.95201
1098.59171
1098.59900
1098.62093
1098.66402
1099.32210
1100.39094
1100.48066
1101.98030
1101.98629
1102.47864
1102.66140
1102.99953
1103.11048
1103.46251
1103.93397
1104.13131
1104.60101
1104.61710
1104.92449
1105.39998
1105.49215
1105.80137
1106.00364
1107.45078
1107.67632
1107.78380
1108.19033
1109.37671
1109.51938
1109.75300
1110.18236
1110.48435
1110.94923
1111.71977
1112.18086
1112.70650
1112.77872
1112.85866
1113.13349
1113.69263
1113.75182
1114.18676
1114.20194
1114.29271
1116.06113
1116.51538
1117.63362
1118.21603
1118.37667
1118.59002
1118.89881
1119.27507
1119.37763
1120.68981
1120.86461
1121.87227
1122.42482
1122.73122
1122.86033
1123.28590
1123.33294
1123.67512
1124.20575
1124.73942
1124.74460
1124.84922
1124.97657
1125.14292
1125.65864
1125.81713
1126.12064
1126.20655
1126.32224
1126.60176
1127.66536
1127.94239
1127.99015
1128.84407
1129.27338
1130.06310
1130.06955
1130.42239
1130.66382
1130.68818
1131.04068
1131.45144
1132.43459
1132.47628
1132.55002
1132.94987
1133.00718
1133.35264
1133.44774
1133.51456
1134.59617
1134.68215
1134.95942
1135.31832
1135.50280
1135.52296
1135.78225
1135.97148
1136.16073
1136.16735
1136.41759
1136.94274
1137.21969
1137.44106
1137.78355
1138.70370
1138.75865
1138.93518
1139.68207
1140.17572
1142.04302
1142.28182
1142.31652
1143.28362
1143.57216
1143.59795
1144.49647
1144.58806
1144.75494
1145.86787
1146.15919
1146.79186
1146.81767
1147.06850
1147.17349
1147.59572
1147.88935
1147.92154
1148.19202
1149.12540
1149.30296
1149.72094
1150.46253
1150.53305
1150.92207
1151.31731
1151.44285
1151.47099
1151.52107
1151.59533
1151.81128
1151.94436
1151.96063
1152.05376
1152.96125
1153.00530
1153.40910
1153.92253
1154.69758
1155.47739
1156.04981
1156.13766
1157.46465
1157.68182
1157.86837
1158.14239
1158.22849
1158.30100
1158.35605
1158.44756
1158.58822
1159.31256
1159.91584
1160.01719
1160.57661
1160.86454
1161.30884
1161.64909
1161.83850
1162.06397
1162.13709
1163.51390
1163.55255
1163.77865
1163.93352
1163.96834
1163.97709
1164.43815
1165.16898
1166.04490
1166.19739
1166.43678
1166.61066
1167.08327
1167.19043
1168.15032
1168.16831
1168.61084
1169.08030
1169.71997
1169.74791
1169.84612
1170.20289
1170.66565
1171.14115
1171.54232
1171.70953
1172.26969
1172.38292
1172.56900
1172.64917
1173.25438
1173.64426
1176.04853
1176.47570
1176.98741
1177.83894
1177.96362
1178.03434
1178.27501
1179.36062
1179.58713
1179.62894
1180.53394
1180.73419
1180.78479
1181.05422
1181.51563
1182.17798
1182.50723
1182.58717
1182.81402
1183.08175
1183.28754
1183.29715
1183.81747
1184.04205
1184.29290
1186.16271
1186.54400
1186.74939
1186.88873
1187.16151
1187.38805
1187.71056
1187.74531
1187.78715
1187.80977
1188.18603
1188.32370
1188.60242
1188.77334
1188.77831
1188.93341
1189.06057
1189.20746
1189.81982
1189.98895
1190.30911
1191.31163
1191.47670
1191.98448
1192.84668
1194.39050
1194.53949
1194.65475
1194.71353
1194.86283
1194.86857
1194.98820
1195.53365
1196.34167
1196.48426
1197.74115
1198.79480
1200.92351
1201.11463
1201.92329
1202.13393
1202.20052
1202.33823
1202.99409
1204.09311
1204.15406
1204.62387
1205.45576
1206.48393
1206.95748
1207.79666
1207.88391
1208.55223
1209.06774
1209.28716
1210.30889
1211.26239
1211.27473
1211.56411
1212.29586
1212.57564
1212.97373
1213.06196
1213.22235
1213.27427
1213.53349
1214.23386
1214.30614
1214.40676
1214.42711
1214.96389
1215.27142
1215.46911
1216.57517
1216.79151
1217.11484
1217.50635
1217.51453
1218.09344
1218.17793
1218.53521
1219.22034
1219.74998
1221.02331
1221.08024
1221.52081
1221.63380
1221.97573
1222.71260
1222.95257
1222.99470
1223.26843
1223.52911
1223.65447
1223.77237
1223.82933
1223.98944
1224.06780
1224.83291
1224.88352
1225.25345
1226.00931
1226.52614
1226.56025
1226.67934
1227.47570
1227.72128
1227.74493
1229.63178
1229.83495
1229.92847
1231.34277
1231.60970
1231.97415
1232.02833
1232.14191
1232.44862
1233.18574
1233.25737
1233.41731
1234.13736
1234.48682
1234.67711
1235.28601
1235.53597
1235.92023
1235.96736
1236.30069
1236.76450
1237.53851
1237.58814
1238.10739
1238.16725
1238.51993
1240.12396
1240.62215
1240.70455
1240.95825
1241.85563
1242.25579
1242.27879
1242.34231
1242.56931
1243.26800
1243.39853
1244.27260
1244.31990
1244.40438
1244.54126
1244.87922
1244.97517
1245.08968
1245.66673
1245.79209
1245.95223
1246.43819
1246.55597
1246.84589
1247.26389
1247.77752
1247.97131
1248.07092
1249.10794
1249.20899
1250.31101
1250.61888
1251.18155
1252.16178
1252.26919
1253.06575
1254.43960
1254.91661
1255.62302
1255.64625
1255.77626
1256.22862
1256.46018
1256.49893
1256.60825
1256.72688
1257.18555
1257.51306
1258.35356
1258.36772
1258.66645
1259.13304
1259.81449
1259.96556
1260.80915
1261.38374
1262.06498
1262.09655
1262.38198
1262.50717
1263.60013
1263.95996
1264.19390
1264.48365
1264.58021
1264.91504
1264.99940
1265.18438
1265.27095
1265.34106
1265.38016
1266.47598
1267.22297
1267.44054
1267.74187
1268.36266
1268.66818
1268.82872
1268.89335
1269.35157
1269.48886
1270.04328
1270.57571
1271.28037
1271.32947
1271.37195
1272.42788
1272.63889
1273.58928
1273.69011
1273.70588
1274.69898
1274.97187
1276.55862
1276.94344
1277.63236
1277.66754
1278.50716
1278.55489
1278.57806
1278.62745
1279.50451
1279.89697
1280.34527
1280.62419
1281.69872
1282.69339
1283.03117
1283.40518
1283.82414
1283.91228
1284.14050
1284.52592
1285.05741
1286.51625
1287.01606
1287.03276
1287.62279
1287.68966
1287.70472
1289.17114
1290.23872
1290.37724
1290.65377
1292.05109
1292.28245
1292.45585
1292.94262
1293.56427
1293.67322
1293.70884
1293.87663
1294.24834
1294.31061
1294.42033
1294.77720
1295.56258
1296.02040
1296.33625
1296.47377
1296.72381
1297.42810
1298.60844
1299.04820
1299.17286
1299.22534
1299.31398
1299.80789
1300.78367
1300.97141
1301.13852
1301.18219
1301.37109
1302.02078
1302.97484
1303.19892
1303.46900
1303.83376
1304.69732
1304.77469
1305.25964
1305.47473
1305.94589
1305.96695
1307.29794
1307.44056
1310.47082
1310.54351
1310.64107
1311.06961
1311.14897
1311.26722
1312.03381
1312.76938
1313.15137
1313.20924
1313.38734
1314.65337
1314.81447
1314.95072
1315.22981
1315.27010
1315.45426
1315.74351
1316.02076
1318.73836
1318.75475
1318.78899
1320.45759
1320.88958
1321.76071
1322.70044
1323.17238
1323.45130
1323.79046
1323.84689
1323.97810
1324.33613
1324.75845
1324.92811
1325.13530
1325.24807
1325.74859
1326.07038
1326.72590
1327.15076
1327.49566
1327.62661
1327.89780
1328.32828
1328.50800
1329.44575
1329.96639
1330.59511
1331.68510
1331.83403
1332.11720
1333.37635
1333.83110
1334.03514
1336.84424
1336.97014
1337.07674
1337.14824
1337.24477
1337.74887
1337.76635
1338.58722
1338.98939
1340.86132
1341.02561
1342.32411
1342.49486
1342.71566
1342.85971
1343.03647
1343.05790
1343.70023
1344.27715
1344.42520
1344.75965
1345.14310
1345.28846
1345.40070
1346.44538
1347.64095
1348.78831
1348.79926
1349.51359
1349.73067
1350.30969
1350.46946
1350.78834
1351.83697
1352.14075
1352.18435
1353.59103
1353.68980
1354.21275
1354.44446
1354.79052
1355.28038
1356.60915
1356.93713
1357.41185
1357.73281
1358.31189
1358.32215
1359.24935
1360.15307
1360.18824
1360.23161
1360.30526
1360.34135
1361.33225
1362.63846
1362.98437
1363.00356
1363.26559
1363.39696
1363.72822
1363.98006
1365.13392
1365.65198
1366.20439
1366.61922
1366.63224
1366.84887
1367.62227
1368.07994
1368.22906
1368.62617
1370.29507
1372.23278
1372.34570
1372.79446
1373.50212
1373.79729
1373.91960
1374.23309
1374.37074
1374.96315
1375.19177
1375.66886
1376.03269
1376.39601
1377.78794
1378.26889
1378.33540
1379.61873
1381.35664
1381.52574
1381.93652
1382.94948
1383.21075
1383.21794
1385.88277
1387.01924
1387.07850
1387.84423
1387.88731
1389.03136
1390.82907
1391.12806
1391.43644
1393.40392
1394.05399
1394.29739
1395.03228
1396.85999
1397.41905
1397.61587
1397.97475
1397.99092
1399.66338
1399.69625
1403.04387
1403.23919
1403.62427
1405.79913
1406.50654
1406.58264
1406.74555
1407.30258
1407.40387
1407.45967
1407.71861
1408.16128
1408.36618
1408.89115
1409.40990
1409.74940
1410.47277
1410.52545
1415.25054
1417.25444
1417.85858
1419.13558
1419.49217
1419.61987
1423.52148
1423.71854
1423.87849
1423.96113
1424.25486
1424.80999
1425.30902
1425.80394
1425.86070
1425.87490
1426.07632
1426.31370
1427.91353
1428.73929
1430.05652
1431.04687
1431.79130
1434.39518
1434.71881
1436.17615
1436.28640
1436.76107
1436.86375
1437.83451
1440.23812
1441.64821
1442.73340
1442.84778
1444.27516
1445.32940
1445.57101
1445.60951
1446.54540
1447.31375
1447.97913
1449.73753
1450.68831
1450.72013
1452.39013
1453.73868
1454.99251
1455.21221
1456.09983
1456.56259
1457.43293
1457.76133
1458.14447
1458.37167
1459.97248
1460.04637
1460.25788
1460.75497
1460.81421
1462.29677
1463.18788
1463.26950
1463.56352
1463.63735
1463.84146
1463.85054
1465.43531
1465.54736
1465.89215
1468.12575
1468.86577
1469.70258
1469.76914
1469.95916
1470.67793
1471.86618
1472.03785
1472.28143
1472.34635
1472.35651
1474.31673
1474.53560
1474.62176
1476.06550
1476.87771
1477.60558
1478.12631
1478.79290
1478.94285
1479.01040
1480.19216
1480.94645
1481.05067
1481.30785
1483.40494
1483.42679
1483.75327
1488.05731
1490.22051
1491.45111
1491.50688
1491.51195
1493.25695
1493.31181
1494.45843
1494.80675
1495.13877
1497.10460
1497.25776
1497.48482
1497.86623
1498.09352
1498.14159
1498.89844
1499.26962
1499.86525
1499.87553
1501.41268
1502.59036
1503.46220
1503.52758
1504.95184
1505.06179
1505.37771
1505.60584
1505.66795
1506.98346
1509.49336
1509.94887
1510.01363
1510.34532
1510.49518
1511.66107
1514.74825
1517.68355
1518.18784
1519.30059
1519.45032
1519.49247
1523.41957
1524.34509
1524.44165
1526.85201
1527.74999
1527.79382
1527.88995
1528.62084
1529.53868
1529.66783
1530.60653
1531.14722
1532.01207
1533.35353
1535.27150
1535.34412
1535.73219
1535.98825
1539.99184
1540.68529
1543.39963
1544.37652
1544.43282
1545.09537
1547.70896
1547.75397
1552.06728
1552.73929
1554.69081
1555.59242
1555.74897
1555.97122
1556.38092
1556.39150
1557.37521
1557.63687
1557.66139
1558.01198
1558.08313
1558.78886
1558.94794
1560.29357
1560.30842
1561.24096
1561.31940
1563.25407
1563.87477
1564.47202
1564.56043
1568.04387
1570.55888
1571.74399
1573.92066
1574.81813
1577.18699
1578.09219
1579.74669
1581.98153
1582.10956
1582.94981
1583.60713
1585.20524
1588.75057
1589.59040
1589.61933
1590.38825
1590.40309
1592.64737
1593.67698
1594.04198
1595.88053
1596.43757
1598.27565
1599.38589
1600.22045
1601.01258
1601.26882
1601.87912
1603.75350
1604.28853
1607.63700
1607.69784
1611.41905
1612.70630
1614.71681
1615.19999
1615.68387
1618.28800
1618.44406
1622.51595
1624.25620
1624.48950
1626.85110
1628.47271
1630.85882
1631.30391
1631.51508
1633.42684
1634.52087
1636.80922
1638.53856
1641.72921
1644.10689
1650.83025
1652.43783
1653.88402
1654.29083
1654.49369
1655.37824
1655.49108
1659.23526
1659.40855
1659.66438
1660.38887
1662.91524
1670.92058
1671.70002
1673.45848
1674.46481
1675.20718
1675.30188
1677.31283
1678.96418
1678.97994
1682.55237
1685.72275
1686.46987
1688.39083
1689.46809
1694.33542
1694.52121
1698.17278
1700.93388
1701.31934
1708.04047
1708.34560
1708.37196
1709.29968
1711.82102
1712.59841
1713.88350
1714.00080
1714.77626
1714.98944
1717.04491
1719.15806
1721.21762
1721.29216
1723.03655
1726.88749
1727.26434
1730.08312
1731.23846
1738.53476
1738.66530
1739.01065
1739.93217
1740.66540
1740.90755
1744.96662
1745.00123
1747.84690
1748.58264
1751.31290
1752.65072
1753.93031
1755.74556
1757.79096
1758.93104
1762.78995
1763.08440
1763.73565
1763.91413
1765.42922
1767.44247
1768.23015
1768.86449
1769.35721
1770.12549
1770.85005
1772.51868
1774.97432
1776.19404
1778.80182
1779.30580
1782.88641
1783.07403
1786.13747
1787.84716
1788.79251
1789.15544
1789.20671
1789.28503
1789.30545
1791.02018
1791.95214
1791.96186
1794.13367
1795.06652
1796.07640
1796.98217
1798.18790
1799.86978
